CACHE type 5 produced by analog 6.0/Unix. Do not modify or delete!
T	0	0	5	3	0	3	2464
D	26361429	26362113
18306	157	3	1	1626
18307	5	1	1	419
18307	6	1	1	419
1	0	0	0	1	0	0	26361429	0	0	26361429	0	/cgi-bin/
1	3	3	0	0	26362113	0	0	26361429	0	0	1179	/
1	0	0	0	2	0	0	26361429	0	0	26361429	0	/favicon.ico
1	1	0	0	0	26361429	0	0	26361429	0	0	171	/_autoindex/icons/blank.png
1	1	0	0	0	26361429	0	0	26361429	0	0	1114	/_autoindex/icons/folder.png
3	0	0	0	1	0	0	26361429	0	0	26361429	0	https://sugardaddylink.com/cgi-bin/
3	2	0	0	2	26361429	0	26361429	26361429	0	26361429	1285	https://sugardaddylink.com/
4	1	1	0	0	26362113	0	0	26362113	0	0	419	Mozilla/5.0 (iPad; CPU OS 10_3_3 like Mac OS X) AppleWebKit/603.3.8 (KHTML, like Gecko) Version/10.0 Mobile/14G60 Safari/602.1
4	3	1	0	3	26361429	0	26361429	26361429	0	26361429	1626	Mozilla/5.0 (Macintosh; Intel Mac OS X 10_14_4) AppleWebKit/605.1.15 (KHTML, like Gecko) Version/12.1 Safari/605.1.15
4	1	1	0	0	26362108	0	0	26362108	0	0	419	Mozilla/5.0 (Windows NT 6.1; WOW64; rv:49.0) Gecko/20100101 Firefox/49.0
5	3	1	0	3	26361429	0	26361429	26361429	0	26361429	1626	97.101.16.201
5	1	1	0	0	26362113	0	0	26362113	0	0	419	181.215.51.154
5	1	1	0	0	26362108	0	0	26362108	0	0	419	191.96.242.233
z	3	4	3	26362113	1350
z	4	1	0	26361429	1114
c	200	5	26362113
c	403	1	26361429
c	404	2	26361429
