2147483647C
0 0
2892 1
2458 1
3089 1
2560 1
2546 1
2557 1
2553 1
2559 1
2561 1
2563 1
2556 1
2564 1
2565 1
2563 1
2543 1
2551 1
2536 1
2549 1
2559 1
2563 1
2556 1
2551 1
2544 1
2560 1
2571 1
2546 1
2547 1
2552 1
2549 1
2554 1
2559 1
2553 1
2566 1
2543 1
2558 1
2552 1
2561 1
2555 1
2548 1
2557 1
2540 1
2543 1
2547 1
2545 1
2562 1
2543 1
2555 1
2557 1
2541 1
2561 1
2565 1
6691 1
6580 1
2555 1
2558 1
2554 1
2549 1
2557 1
2560 1
6199 1
2551 1
2544 1
2553 1
2554 1
2557 1
2541 1
2545 1
2551 1
2542 1
2542 1
2538 1
2547 1
2561 1
2560 1
2543 1
2558 1
2554 1
2539 1
2545 1
6448 1
2550 1
2544 1
2549 1
2537 1
2545 1
2551 1
2541 1
2562 1
2549 1
2545 1
2558 1
2990 1
3055 1
2551 1
2474 1
2815 1
2815 1
2846 1
2744 1
3015 1
2852 1
